color_blind_pal_7 <- c("#000000", "#E69F00", "#56B4E9", "#009E73",
                                "#F0E442", "#0072B2", "#D55E00", "#CC79A7")

color_blind_pal_7b <- c("#000000", "e79f23ff", "fdfdffff", "ffffffff", 
	"fffcfdff" ,"fdfffdff" ,"d36027ff" ,"cc79a7ff")
	
