#### Created from http://tools.medialab.sciences-po.fr/iwanthue/

iwanthue_4a <- c("#779f97",
"#8d58bd",
"#aca749",
"#964e5f")

iwanthue_4b <- c("#758a8a",
"#8d50a9",
"#9ac15e",
"#b35948")

iwanthue_4c <- c("#845ec3",
"#668f43",
"#bc4b80",
"#be5d36")

iwanthue_4d <- c("#757baa",
"#779b50",
"#9b4ab3",
"#bb5c4b")


iwanthue_4_fav <- c("#6dbe6e",
"#da5d5c",
"#c0a145",
"#ac74cd")

### Using the intense palette
iwanthue_7 <- c("#bc9748",
"#8349be",
"#63a359",
"#c25690",
"#d0553f",
"#6e83b3",
"#704437")

iwanthue_5 <- c("#d44435",
"#519d2f",
"#7c49c4",
"#c97e20",
"#d3409d")


iwanthue_13 <- c("#c48a40",
"#8d4acb",
"#c2d245",
"#4b2e64",
"#66cf69",
"#c94d92",
"#55723c",
"#8089c8",
"#c2473a",
"#75bdbd",
"#4e3934",
"#c4cf99",
"#c7929c")